.Random.seed <-
c(403L, 10L, -1262176454L, 1578392453L, 145199199L, 533394150L, 
1642568048L, -568892781L, -310379727L, -782439968L, -729043330L, 
-2069187319L, -325556421L, 107634442L, -608190740L, 743361391L, 
1928404133L, 1594719836L, 650802738L, -2009086675L, 244552679L, 
182588174L, -2127997720L, -403616021L, 888201097L, 1422899992L, 
529296966L, -2067489119L, -1921482445L, 2090651810L, -102883436L, 
-1310732777L, -32843251L, -1387802844L, 808319754L, -1024739723L, 
2022696399L, 2113392342L, -495619456L, -1103110973L, 961911393L, 
-1106537776L, -1154636754L, -1495479847L, -1743276565L, 1495015514L, 
-1935650276L, -1392278753L, -667871371L, -938672628L, 1871955938L, 
-586953539L, 1062931255L, -1509805090L, 656175384L, -1107659653L, 
1121487385L, -29099352L, -1945005994L, -1722446639L, -840378237L, 
-383366382L, 938348196L, -365585817L, 1846031293L, -709800652L, 
220472986L, -1654074139L, 64497279L, -672329722L, 1478939536L, 
-289276365L, -106263087L, 518418304L, -1858633122L, 1407949225L, 
1932343387L, -2007154582L, 1565159692L, -421319857L, 1400248325L, 
-755120452L, -1971953774L, 475147405L, -535651641L, 117808046L, 
91264520L, 916245003L, -474486039L, -424266312L, -41864602L, 
-1485029631L, 835500435L, -1674440126L, 661755380L, 824250359L, 
-555494419L, 1910553732L, 1574945450L, -1670662123L, 1365770415L, 
1706036918L, 472825056L, 1157218339L, -809681087L, -1010597328L, 
-848445362L, -1853128519L, -921824053L, -1326425734L, -962239364L, 
-454373185L, -1729669739L, -179206740L, -65224830L, 1787102557L, 
-1623008169L, 1125448510L, -439499912L, 1087623259L, 1278416825L, 
-150346232L, -608267082L, -306129935L, 379698723L, 758013554L, 
-1724095292L, -1239305593L, 2133731933L, 1613065300L, 1690019450L, 
290690501L, 772888351L, 710505126L, -1065143248L, 1054566099L, 
26641649L, 1546764320L, 419706558L, -1474362679L, -1779025797L, 
-1128950198L, 1599361708L, 266675631L, -2059311771L, 531239708L, 
-808192142L, -710325267L, -1538499545L, -492297138L, 778070184L, 
-1067514197L, 965866441L, -734900264L, -332183930L, 1303265121L, 
-1227984141L, -1991979678L, -2050839596L, 828837591L, -41749299L, 
-892382108L, 636844618L, 1836769205L, -303381745L, -131268586L, 
-1328084288L, -912118653L, -954861407L, -991154544L, -466809490L, 
-559015143L, 76177323L, -804684390L, 392669532L, -1834516385L, 
-1242238923L, -1386511412L, 1089406754L, 1167030653L, -439045513L, 
-1550349410L, 1454684760L, -2076331077L, 1338283353L, -71455000L, 
-1178317034L, 1965588625L, -355467965L, -2015819694L, 1025276644L, 
-231056089L, -1369569923L, 1551305844L, 634852954L, -1541090651L, 
-1264879425L, 1760496454L, 1725544912L, 1219955699L, 396620561L, 
256426816L, 1610648350L, 1060295657L, 980826395L, 1569018666L, 
-345533364L, 1964694543L, -353462459L, 1233797372L, 596193106L, 
1983783117L, -1424617337L, -1032367250L, -693705400L, -1541418677L, 
-272178007L, 1471034872L, 1757248806L, 1148821057L, 484267987L, 
-465973886L, 524919220L, -417821385L, -514881491L, 802698564L, 
-2029505942L, -169468715L, -1395344785L, -1931815364L, -614853484L, 
1996571778L, -1064898624L, 1311368508L, 1206564496L, -1308455902L, 
96667656L, -1240927092L, 878843932L, -490879854L, -25277312L, 
-1070588908L, -1258134744L, 1991175226L, -1766912816L, 539307116L, 
1586976436L, 1189003282L, -1261563936L, -530271284L, 2042303968L, 
378928162L, -591448792L, 1222664460L, 274017852L, -441215758L, 
-1243064080L, -2093226172L, 2018357336L, -921724358L, 1742817520L, 
1651823292L, 2044305940L, 815660226L, -1641036192L, -929041028L, 
1770380496L, 831253538L, 996817064L, -905839220L, 1164409276L, 
-2129905614L, -821490880L, -1144777036L, 56930632L, -934944070L, 
1123489552L, 1084393708L, 1585805396L, 25014034L, 1617351072L, 
462270412L, 1661400928L, 2049598658L, 953036328L, -1537726036L, 
2066260796L, -1198501006L, 213563184L, 541460516L, 861707832L, 
383820506L, 2143049616L, 1116302588L, 546416020L, 499405634L, 
1293900288L, 1907865660L, 543144528L, -1163493214L, -584694968L, 
-274845172L, -1228180772L, 1737402450L, 872823936L, 753192788L, 
1494974440L, 495946490L, 1990582096L, -1860910036L, -825769612L, 
-2013817198L, -26404256L, 1172715660L, -509736608L, -633030430L, 
1789969576L, -368013620L, 2089171452L, 1416799154L, 1066744816L, 
1705277892L, -430625448L, -1589466758L, -889726544L, 1519976892L, 
1808490068L, 783935938L, -1847080160L, 2139200444L, -2106638256L, 
-2056322078L, 249227112L, -2100650164L, 794763004L, -2126004494L, 
589552896L, -1048677260L, 1202085384L, -958489158L, 1204258256L, 
-1850474516L, -1886938220L, -640266030L, -964686752L, -2054843060L, 
-2057647328L, 1493260930L, 2054128104L, -1890679828L, 2013537852L, 
847674994L, -858983568L, -840446684L, 1783523896L, 55955866L, 
-806001200L, 1122645436L, -1346287980L, 1596924546L, -1546918464L, 
-944992452L, -820530544L, 57378594L, -996559352L, 1742033676L, 
1688062876L, -1804606446L, 1366487936L, 1912695572L, -1945631448L, 
-943656902L, -1390685232L, -779040148L, 800164916L, -2062714734L, 
790364512L, 1794293068L, 1828875744L, 1508512674L, 590994344L, 
-1977381748L, -1961311300L, -678491022L, 588490736L, -639134652L, 
-2047768488L, -79241158L, 650883184L, 168609340L, -1569618156L, 
-779822398L, 1952621280L, -2027410308L, 1672416464L, -1286759518L, 
389410344L, -654391028L, 2101974972L, 279607602L, 1867276480L, 
1559138868L, 1006627528L, -739767622L, 1278203024L, 2074449644L, 
-1989411244L, -517839214L, 1841440544L, 1524013004L, 162922720L, 
1482202818L, 1116877864L, -547644500L, -861603140L, -1185371662L, 
1794995760L, 1610799012L, 1722683832L, -1248083110L, -1947659120L, 
1488726908L, 588023572L, -973623998L, -2132439296L, 1993397180L, 
-303952048L, 437496098L, -759193016L, 1885007884L, -839117732L, 
1662955986L, -1258463744L, -1434156716L, -871337752L, -205954822L, 
-1438128432L, 1266159916L, -1460674316L, -1344828014L, 442906976L, 
-637224948L, 118637280L, -208131486L, -1718590808L, 1626622540L, 
-1934954628L, 1801983282L, 777881200L, 1299862340L, 399476696L, 
-1081964678L, -712821200L, -86366276L, 784594516L, -1970139070L, 
1924524522L, -1000303992L, -1363073999L, -1554643293L, -1532576092L, 
301678418L, 1925584551L, 1966869233L, 1565868598L, 1370283732L, 
918561381L, -1409236881L, 274027176L, -1805574138L, -441287373L, 
-1358794347L, -2052895246L, 245903936L, -2146546775L, -1034017253L, 
350380012L, 721676282L, -605914065L, -862421959L, -422277554L, 
998522524L, 2019120141L, -322066313L, 455876736L, 1310193374L, 
845311403L, 1357307565L, -1318108390L, 312990680L, -740841407L, 
-274082061L, 1448278292L, 1763781794L, -1136719433L, 2063969665L, 
169855878L, 132065732L, 35782901L, -1563053729L, 194984888L, 
933768854L, 445978787L, 1076978277L, -1677867134L, 1184906480L, 
-426945383L, 1939524747L, -385051268L, 1084093354L, -2079734817L, 
498551145L, 786851198L, 1800054124L, 1052376509L, 916905607L, 
-1701098896L, 1903382798L, -219365829L, 2047331613L, -1558104118L, 
1347477736L, -1542777903L, 1518638531L, -1985327420L, 2023691634L, 
704432199L, -1369408495L, 1766309270L, -322912012L, -619206011L, 
431506383L, -1195537720L, 272771942L, -1629040237L, 868047605L, 
1359811282L, -705151712L, 1352561929L, -1241271749L, -613750900L, 
-821729766L, 1708621455L, 1820809689L, 434171502L, 1624567292L, 
-1167206547L, 1768505623L, -1979716384L, -1272216898L, 1443729547L, 
-258380019L, -482517190L, 1260763000L, -572347103L, -1925583405L, 
-363090700L, -1082161790L, 1512808471L, 1976952545L, 342032422L, 
208401700L, 1434312149L, 424411519L, 238272536L, 1553153846L, 
1060841923L, 1818765317L, 1575766946L, -906225776L, 64074553L, 
-1959540757L, 2035689692L, -1203963638L, -1920620545L, 1015179849L, 
459010014L, 1510694796L, -489902243L, -1478568089L, 429681808L, 
71074478L, -365641893L, -858157251L, -432951894L, -1942871480L, 
-1933221263L, -841813021L, 419282660L, -313096686L, -1476357657L, 
-1949536847L, -2122335242L, 1862415892L, 568506661L, 860758575L, 
-134146072L, -259735354L, 1987958131L, -896778795L, 1365025202L, 
